0.07815 0.03135 0.02482 0.02053
0.06054 0.01904 0.02076 0.03642
0.13468 0.02552 0.02923 0.03008
0.10356 0.02413 0.02214 0.02852
0.27057 0.03369 0.03593 0.02579
0.29083 0.03174 0.03671 0.04124
0.13544 0.02368 0.04048 0.02819
0.29669 0.02627 0.03383 0.02950
0.27792 0.02820 0.02492 0.02637
0.26101 0.04255 0.02945 0.03968
0.33173 0.03664 0.03974 0.02645
0.24139 0.03094 0.03306 0.03466
0.19129 0.03779 0.02969 0.03365
0.47838 0.03255 0.02517 0.03485
0.66006 0.03105 0.02247 0.04109
0.19447 0.03308 0.02425 0.02862
0.08802 0.03297 0.04252 0.02270
0.07981 0.03019 0.01705 0.03558
0.13093 0.02764 0.02957 0.02964
0.31262 0.03382 0.02709 0.02568
0.22618 0.02946 0.02491 0.04351
0.18412 0.02608 0.02454 0.02615
0.44918 0.04007 0.03092 0.03905
0.38852 0.03600 0.02287 0.03071
0.26079 0.03041 0.02533 0.03206
0.39652 0.02775 0.03515 0.02863
0.25594 0.02744 0.03394 0.02785
0.53662 0.03628 0.02450 0.02764
0.07568 0.02640 0.03353 0.03553
0.23625 0.03458 0.03336 0.03358
0.12553 0.03079 0.03169 0.03466
0.32787 0.02911 0.02947 0.03275
0.14236 0.02530 0.03348 0.02164
0.41771 0.03191 0.02700 0.03187
0.50196 0.02475 0.01881 0.03123
0.46270 0.04163 0.03206 0.02398
0.17627 0.02809 0.03954 0.03673
0.25650 0.03561 0.02320 0.02897
0.15506 0.04005 0.02502 0.02650
0.29967 0.03739 0.02857 0.03254
0.14497 0.02883 0.02633 0.03766
0.20733 0.03557 0.02924 0.02397
0.12295 0.02959 0.02290 0.02498
0.13894 0.03227 0.03020 0.04364
0.17006 0.03697 0.02936 0.03303
0.17673 0.02888 0.03721 0.02638
0.28524 0.02866 0.04245 0.03226
0.08015 0.02377 0.01763 0.03070
0.42510 0.03904 0.03249 0.04024
0.27863 0.03004 0.02359 0.03140
0.55429 0.03798 0.03853 0.02536
0.11089 0.03372 0.03416 0.02673
0.18558 0.02612 0.02687 0.03582
0.18994 0.03619 0.03345 0.02880
0.25073 0.03104 0.01587 0.02426
0.32521 0.02582 0.03605 0.04065
0.14555 0.04292 0.03143 0.02968
0.14943 0.02171 0.03070 0.02354
0.18274 0.02801 0.02817 0.02482
0.07079 0.03450 0.02424 0.02859
0.28019 0.02485 0.02476 0.04164
0.16746 0.03509 0.02739 0.02883
0.41468 0.02275 0.03061 0.04139
0.14443 0.02779 0.02762 0.03637
0.08273 0.03005 0.02333 0.03745
0.25211 0.02856 0.04253 0.02838
0.07134 0.03307 0.02804 0.04119
0.12861 0.03392 0.02745 0.04346
0.44021 0.03202 0.03350 0.02176
0.28979 0.04412 0.02478 0.01908
0.25319 0.02224 0.03167 0.03053
0.28183 0.03186 0.03314 0.03933
0.14830 0.02822 0.03467 0.02817
0.30425 0.02219 0.03377 0.02501
0.32830 0.04157 0.02211 0.03723
0.19317 0.02360 0.03043 0.02944
0.31705 0.02619 0.03146 0.04211
0.30164 0.02524 0.03677 0.04751
0.40790 0.02851 0.02269 0.03300
0.26944 0.01907 0.02749 0.02397
0.53366 0.02439 0.04107 0.03207
0.36649 0.03624 0.02653 0.04252
0.12447 0.01900 0.02247 0.03172
0.24422 0.03366 0.02729 0.03564
0.15300 0.03818 0.02850 0.03315
0.19946 0.02690 0.04407 0.02861
0.33179 0.02662 0.01807 0.02428
0.32722 0.03702 0.02793 0.03318
0.35767 0.02425 0.03156 0.04103
0.24088 0.02574 0.01586 0.03321
0.36944 0.03123 0.03070 0.02268
0.21796 0.03127 0.02970 0.04120
0.27960 0.03883 0.03159 0.02770
0.37291 0.03415 0.01509 0.04175
0.13977 0.03160 0.02119 0.02796
0.18125 0.04410 0.02761 0.02243
0.18114 0.03197 0.02168 0.03072
0.17612 0.04187 0.02605 0.04144
0.06483 0.03092 0.02608 0.03264
0.25415 0.02550 0.02837 0.02585
0.36684 0.02462 0.03173 0.02708
0.20171 0.04052 0.03826 0.02878
0.28788 0.02917 0.02619 0.02889
0.24442 0.03987 0.02941 0.03017
0.30958 0.02719 0.02694 0.02996
0.61824 0.03365 0.02054 0.04960
0.21761 0.02334 0.02818 0.02474
0.47688 0.07737 0.02516 0.03938
8.75992 0.37035 0.03558 0.03057
10.57865 1.23962 0.07337 0.04176
15.05065 0.85943 0.07818 0.02861
13.53762 1.15492 0.09404 0.03615
13.23712 1.38777 0.10890 0.03824
14.02846 1.60114 0.13300 0.02897
15.72739 1.48325 0.12685 0.05780
15.64528 1.41143 0.16531 0.03598
15.78598 1.30201 0.16311 0.04024
15.43151 1.23172 0.20360 0.03991
15.00545 1.35445 0.17999 0.04313
14.88050 1.35348 0.19737 0.04042
15.59946 1.24533 0.18107 0.03455
14.55896 1.40722 0.21485 0.03963
14.48983 1.31307 0.16018 0.02967
14.88715 1.50206 0.21251 0.03585
15.07801 1.35205 0.16453 0.03539
15.22502 1.16425 0.15354 0.04218
16.02528 1.10404 0.20348 0.03408
15.68502 1.09541 0.17927 0.02865
16.35946 1.09526 0.17243 0.03510
16.42149 1.15053 0.20085 0.03948
15.96488 1.22205 0.17544 0.03295
16.50328 1.23030 0.14835 0.03014
15.87409 1.18117 0.14952 0.03806
16.35435 1.22571 0.18527 0.02801
16.08158 0.94758 0.11720 0.03197
15.19775 1.08964 0.15853 0.04574
15.39684 0.99842 0.15232 0.03553
15.36238 1.02947 0.18153 0.02370
15.16898 1.14968 0.14192 0.02822
14.64940 1.15075 0.17623 0.02476
13.17984 0.93415 0.15685 0.03628
12.95004 0.96810 0.16405 0.03028
13.38592 0.93024 0.15742 0.03048
12.53964 0.83867 0.15241 0.03029
11.37020 1.02096 0.16034 0.02555
11.60629 0.90535 0.16035 0.04692
10.73695 0.79268 0.15406 0.03788
11.53520 0.83287 0.15992 0.04094
11.63789 0.87098 0.12018 0.03423
12.71386 0.96633 0.12909 0.03374
12.19494 0.85729 0.13235 0.03865
12.30623 0.90442 0.15173 0.01962
12.21306 0.90057 0.09841 0.03653
12.62330 0.99288 0.12834 0.02866
11.97034 0.91511 0.11094 0.03258
11.32415 0.96474 0.12727 0.02929
11.01148 0.79918 0.09658 0.03726
9.28461 1.59159 0.26947 0.04205
14.42807 2.01926 0.54193 0.05219
14.38424 1.91225 0.94649 0.04304
23.58965 3.32707 0.98051 0.04979
20.85167 2.98484 1.26457 0.04976
24.20852 3.20458 1.28009 0.04845
20.18637 2.82857 1.31638 0.05160
21.76870 3.03362 1.30436 0.05638
21.34241 3.22813 1.29775 0.05691
21.12691 3.11502 1.17972 0.04093
18.86539 2.96057 1.15575 0.04104
16.71491 2.51105 0.89345 0.04313
13.93815 2.56392 0.69402 0.03601
12.18534 1.91485 0.51383 0.04070
12.19924 2.20572 0.42689 0.03376
9.75012 1.59217 0.40455 0.04166
11.04617 2.00369 0.30666 0.01749
7.33765 1.46360 0.25452 0.04393
7.72924 1.90042 0.26755 0.03255
4.47085 1.34958 0.21483 0.03183
6.51195 1.56746 0.16570 0.03397
4.95534 1.24456 0.13063 0.03377
6.84788 1.15762 0.10325 0.03067
4.84618 0.97943 0.10386 0.02455
6.65264 1.21547 0.11661 0.04029
5.84894 1.05031 0.09598 0.03445
7.66295 1.04976 0.10625 0.02951
6.14095 0.79597 0.05214 0.04334
5.85214 1.02465 0.08203 0.04378
5.78080 1.03894 0.07368 0.02943
6.82498 1.34950 0.11547 0.03412
6.84617 1.34702 0.09766 0.03054
6.73659 1.08172 0.11736 0.03103
6.73332 1.06641 0.12934 0.03791
5.86319 0.97808 0.13258 0.03396
5.10497 0.93254 0.13863 0.03969
5.15466 0.81093 0.13157 0.03130
3.89889 0.88996 0.14401 0.03180
3.77017 0.62175 0.18670 0.04672
3.53603 0.66001 0.19838 0.03530
2.86573 0.47193 0.21999 0.03761
2.89593 0.64118 0.21169 0.03206
3.52836 0.57141 0.22980 0.03528
2.61516 0.68258 0.16421 0.03319
4.06071 0.40393 0.21317 0.03410
1.97036 0.58711 0.19855 0.02720
12.20529 3.78397 0.64347 0.10305
13.24111 6.58011 1.10569 0.16124
10.60959 6.68868 1.68939 0.36496
10.94405 7.18506 1.30145 0.37492
9.91654 6.68995 1.31620 0.42727
9.50053 6.80814 1.35480 0.44081
10.10016 7.28352 1.06073 0.37427
9.38058 7.68182 1.16757 0.38932
10.52417 6.61343 1.12500 0.39634
12.98975 4.99524 0.95234 0.36494
7.00227 4.55242 0.81028 0.28922
8.86066 4.00062 0.70944 0.22440
6.71481 4.05652 0.62186 0.27175
6.86234 4.27561 0.52557 0.25910
8.07944 3.89011 0.34208 0.21502
7.31624 3.50919 0.38762 0.23160
9.70596 2.69796 0.36781 0.16892
6.36772 2.23837 0.21857 0.14969
4.51739 1.88693 0.31212 0.13367
4.83571 1.76228 0.32194 0.18702
5.59444 1.35757 0.34010 0.18822
3.39124 1.25688 0.37892 0.20093
2.71248 1.48520 0.39633 0.18281
4.09024 1.35400 0.36645 0.16206
4.25913 1.15832 0.36138 0.14977
2.42748 1.05024 0.23381 0.13955
2.57169 0.88425 0.22533 0.13217
4.36858 0.79619 0.16565 0.11625
3.85259 0.72178 0.15669 0.13428
2.19345 0.67174 0.14202 0.09503
6.21405 0.82964 0.12944 0.07196
6.16834 0.77290 0.13981 0.07609
3.52191 0.76322 0.16186 0.06671
7.15232 0.54287 0.15536 0.04353
3.99710 0.59640 0.19249 0.04509
4.59601 0.61624 0.14893 0.04522
4.28320 0.68815 0.22098 0.04430
1.99206 0.57700 0.19593 0.04456
2.69516 0.45906 0.24113 0.05195
1.64502 0.38469 0.18960 0.04522
3.35992 0.65829 0.23536 0.02577
3.88506 0.50855 0.18017 0.03759
3.34849 0.59281 0.22515 0.04376
5.98767 0.70620 0.22309 0.03674
6.59724 1.29371 0.37142 0.06573
13.76715 3.20960 1.18647 0.11769
27.03272 4.18911 2.63021 0.13198
23.16195 2.65011 2.93005 0.14693
22.53843 2.65990 2.91120 0.18395
23.93691 2.79213 2.79347 0.18453
18.39112 2.86659 2.84991 0.21164
24.83954 2.56006 2.58604 0.20838
21.69696 2.38807 2.53584 0.19108
19.94319 2.14091 2.15542 0.20396
18.26008 2.23996 1.31461 0.21075
15.34827 1.83335 1.10529 0.16413
13.66014 1.89559 1.06354 0.16796
14.81576 1.84659 0.97007 0.13198
12.15998 1.72985 0.83303 0.15582
13.37723 1.31153 0.55188 0.15107
10.84747 1.27262 0.46079 0.11102
6.07659 0.99497 0.34337 0.08404
6.69371 1.00185 0.34474 0.06870
6.68536 0.94384 0.34140 0.06445
5.18261 0.85947 0.32615 0.06811
4.48446 1.05933 0.35575 0.05541
5.39427 0.93984 0.41308 0.04686
6.14746 1.18696 0.35679 0.04698
4.63964 0.99761 0.34371 0.03140
5.33016 0.80989 0.25396 0.04155
7.07443 0.57670 0.15522 0.05465
5.71161 0.60549 0.11377 0.04336
8.02735 0.52400 0.18502 0.05056
5.52864 0.58945 0.28012 0.03584
4.37117 0.66921 0.30346 0.04830
5.20997 0.62567 0.18342 0.03662
4.48104 0.66558 0.12517 0.05490
5.77824 0.56843 0.07466 0.03118
3.30634 0.36956 0.10281 0.03680
5.52095 0.33367 0.08666 0.04443
3.38819 0.40371 0.11433 0.03083
2.48923 0.37152 0.10275 0.04662
4.73854 0.40332 0.11920 0.03937
4.34852 0.42523 0.12627 0.02934
5.35233 0.41135 0.23875 0.04526
5.89867 0.38352 0.25092 0.02945
3.34760 0.40330 0.30259 0.04833
5.23694 0.44740 0.26728 0.03425
3.80967 0.55257 0.17272 0.04579
10.90033 2.44922 0.13028 0.04135
17.47139 6.04125 1.04723 0.06923
20.10508 7.52401 1.17267 0.05977
31.17110 5.78583 1.44234 0.06995
31.05155 5.67362 1.23695 0.06812
30.70724 5.68146 1.38152 0.06815
32.46873 5.20545 1.31981 0.05717
29.56046 5.41735 1.41491 0.07763
26.94049 4.77236 1.33705 0.05765
21.45391 2.03233 1.06514 0.06508
20.68604 1.47358 0.78644 0.05012
19.87356 1.51166 0.59311 0.07198
13.63950 1.96676 0.59241 0.02757
15.07336 1.74669 0.52569 0.03515
13.48221 1.98045 0.45777 0.04421
10.27796 1.90247 0.27250 0.04739
12.64786 1.60708 0.13256 0.03439
8.11977 1.08350 0.11358 0.03522
6.97985 1.24481 0.11726 0.04115
7.20383 0.99769 0.12385 0.03093
7.93970 0.82185 0.16114 0.04263
6.51734 0.62981 0.29747 0.04284
6.77289 0.92238 0.35776 0.04539
6.79790 0.75198 0.43275 0.02383
6.13863 0.73560 0.39085 0.02624
7.18015 0.92230 0.42044 0.03224
5.89789 1.07225 0.42856 0.03686
6.47525 1.36981 0.34953 0.03546
6.00000 0.97707 0.21667 0.03059
5.79310 0.90477 0.21193 0.05051
6.12119 1.05135 0.28465 0.03318
7.25075 0.90622 0.25320 0.02879
5.77775 0.65790 0.20518 0.04341
5.35546 0.26870 0.25198 0.02789
6.71798 0.34897 0.22707 0.04335
6.19250 0.56013 0.11225 0.02513
5.76523 0.26348 0.16048 0.04319
4.77955 0.25930 0.19443 0.04660
4.67511 0.46854 0.21107 0.02811
3.45785 0.50085 0.26854 0.02942
2.81493 0.35309 0.23459 0.03456
3.35788 0.36713 0.21217 0.03593
2.46914 0.31284 0.16217 0.03680
3.06327 0.41361 0.15784 0.04340
3.66051 0.40833 0.09393 0.03155
3.83924 0.54936 0.08162 0.03128
3.19930 0.63890 0.10640 0.03319
4.71149 1.28257 0.22748 0.02796
12.44772 2.05940 0.25395 0.06675
21.71488 2.56829 0.32713 0.05876
24.42004 1.82453 0.31559 0.05102
23.36858 2.44811 0.23378 0.06465
25.30772 2.55601 0.20665 0.06860
25.43765 2.93925 0.18492 0.07534
25.10492 2.96501 0.20533 0.04055
22.70045 2.41121 0.18566 0.04843
23.08019 2.96105 0.18361 0.05954
23.45316 3.04907 0.20784 0.05462
21.80252 2.87417 0.12797 0.06121
22.11458 2.34461 0.13588 0.05142
17.77007 2.29132 0.13108 0.04653
17.19581 2.41562 0.13994 0.04872
16.68611 1.75310 0.16331 0.04635
15.73507 1.71889 0.13009 0.05349
15.20687 1.48203 0.14156 0.05663
12.14598 1.75018 0.15737 0.06563
13.33229 1.62408 0.14375 0.04113
12.78300 1.52311 0.12173 0.05763
13.23486 1.51636 0.11158 0.05298
13.76107 1.86616 0.12418 0.06260
10.70668 1.44650 0.12741 0.04505
10.87383 1.51185 0.15273 0.07102
13.38136 1.79204 0.10351 0.05814
12.65355 1.46461 0.10084 0.05361
13.31519 1.48171 0.12990 0.05883
13.47286 1.65138 0.11028 0.05713
15.75522 1.17593 0.10286 0.03849
13.24519 1.03988 0.09972 0.06018
11.86352 1.07518 0.07106 0.02951
11.38259 0.94998 0.07686 0.03018
13.46832 0.99828 0.07034 0.04960
12.42143 1.09644 0.07206 0.05089
12.46418 0.78262 0.07799 0.05360
10.45895 1.01159 0.08694 0.04731
10.77300 0.90722 0.06979 0.04326
10.60706 0.93162 0.10832 0.05434
10.38417 0.94470 0.07545 0.05357
10.75714 1.27370 0.08972 0.05522
9.81519 1.01074 0.09486 0.04218
10.99178 0.71961 0.08185 0.07611
10.57093 0.71503 0.13150 0.05735
9.28498 0.78514 0.13407 0.06910
10.04403 0.80833 0.10181 0.05219
10.25220 0.66026 0.13945 0.05258
10.83119 0.65562 0.12838 0.05100
10.83864 0.71330 0.13849 0.04393
16.72651 0.78787 0.09433 0.04871
15.15927 0.80545 0.10907 0.05182
12.60972 0.89654 0.10569 0.04688
13.41870 0.89041 0.14796 0.04230
16.72764 0.98013 0.09500 0.04291
15.13571 1.07558 0.11027 0.04712
14.50050 1.10757 0.12063 0.02977
14.47011 1.01752 0.12790 0.03048
10.26427 1.10880 0.09979 0.04722
12.27035 1.00112 0.13808 0.05616
16.11747 0.84341 0.09787 0.03777
12.92014 0.89335 0.10699 0.02946
10.12016 0.96635 0.09222 0.02928
10.45300 1.26482 0.09253 0.04189
14.92068 1.13850 0.07064 0.03215
14.00306 0.78288 0.05215 0.03467
8.17281 1.10273 0.04745 0.03478
9.45743 0.82578 0.05662 0.03139
12.39944 0.98189 0.03544 0.04181
10.39590 0.68901 0.03752 0.04066
9.18999 0.90340 0.04140 0.02710
11.47567 0.84785 0.04053 0.03756
13.83161 1.49536 0.05720 0.03884
10.91776 2.34027 0.07690 0.03907
19.28727 2.77038 0.05235 0.04717
16.00440 2.39235 0.14010 0.03788
21.23489 2.21052 0.14085 0.02606
19.22972 2.16304 0.20155 0.03119
20.95684 2.16775 0.18653 0.04200
16.82134 2.15029 0.24364 0.03810
19.23717 2.08664 0.24761 0.03804
17.37674 2.05723 0.22592 0.03222
15.24175 1.00222 0.20547 0.04076
14.62226 2.40160 0.24504 0.02716
16.63058 2.69016 0.24049 0.04059
8.34507 3.30052 0.18302 0.04274
11.56230 3.16659 0.30207 0.03497
16.59648 4.04116 0.28833 0.03035
15.54868 2.88559 0.19444 0.03316
11.01016 3.33980 0.21917 0.04780
10.11989 3.11452 0.16583 0.03351
12.28385 2.43548 0.13356 0.03690
10.95011 1.88585 0.09074 0.03423
13.34326 3.96536 0.47227 0.04461
20.40626 5.89476 0.48553 0.03222
25.22473 3.20901 0.68893 0.03413
25.11836 5.29381 0.62092 0.04456
24.93607 2.91201 0.63455 0.04552
32.26913 3.56400 0.70221 0.04000
31.71349 3.53193 0.70273 0.03038
27.97623 3.69258 0.72750 0.03534
23.44474 3.90736 0.74044 0.03936
23.28277 2.49955 0.46442 0.03769
19.22641 1.68254 0.26420 0.02932
20.18440 1.77173 0.21094 0.03207
16.59462 2.02115 0.11515 0.03079
11.48223 1.92932 0.09898 0.03751
14.34573 1.85292 0.06886 0.02901
16.70420 2.18528 0.09320 0.03209
12.39784 1.63580 0.12954 0.02612
11.97528 1.44420 0.10283 0.03878
9.56455 1.58450 0.12618 0.03663
9.22294 0.82216 0.17586 0.02316
8.94999 1.22908 0.23014 0.03444
9.44214 1.16099 0.23406 0.04077
7.97520 0.88758 0.27931 0.01700
8.59463 0.75184 0.18649 0.04979
6.18666 1.14211 0.15236 0.02414
10.47602 0.88254 0.16030 0.03722
7.09979 1.18002 0.18762 0.03629
7.40269 0.91401 0.10767 0.03070
7.41528 1.14125 0.08022 0.02970
7.49044 0.99072 0.11832 0.03224
5.65254 0.98206 0.12335 0.02330
6.89867 0.95268 0.10963 0.02746
6.77375 0.59758 0.12375 0.03224
6.95313 0.81870 0.10626 0.03343
8.07642 0.72093 0.09473 0.02986
7.19436 0.61942 0.09456 0.02467
5.23685 0.55640 0.09038 0.02971
5.67009 0.56350 0.05555 0.02983
6.79253 0.61927 0.08801 0.03334
7.74078 0.45244 0.08670 0.03933
4.52634 0.37820 0.07725 0.03319
4.07900 0.38907 0.06945 0.02582
3.78303 0.38182 0.10288 0.04186
5.48029 0.43122 0.11259 0.04196
5.23408 0.47965 0.07085 0.02620
7.34078 0.88620 0.04080 0.04521
12.22201 1.83850 0.06300 0.03593
13.64617 2.52679 0.08619 0.03491
12.69483 2.36789 0.12299 0.02374
13.47673 2.01954 0.10085 0.04012
16.24434 1.90694 0.15231 0.03894
20.45529 1.96095 0.13035 0.02452
15.17969 1.52888 0.19530 0.02839
6.67245 2.06613 0.18772 0.04113
15.23700 2.38931 0.17718 0.03327
18.63468 1.67850 0.15034 0.03740
17.79120 1.73694 0.12297 0.02958
13.46679 1.72204 0.12298 0.02562
14.64771 1.34448 0.11590 0.03716
12.71091 1.62551 0.10347 0.04562
11.77213 1.69476 0.06426 0.03475
12.25514 1.13928 0.04642 0.03174
9.50663 1.17695 0.02660 0.03877
12.07414 0.82538 0.03239 0.02582
9.06939 0.62594 0.05028 0.03438
7.22695 0.82031 0.05315 0.02148
8.18661 0.61857 0.05904 0.04284
7.02711 0.87983 0.05225 0.04144
4.53716 0.84296 0.04085 0.03186
3.80884 0.86554 0.05431 0.02803
7.65726 0.94404 0.04678 0.03417
5.19139 0.92796 0.06424 0.02610
4.52594 0.85861 0.05666 0.04226
4.85257 0.91725 0.05113 0.03376
4.80336 0.92349 0.04536 0.02594
5.22337 1.03197 0.05127 0.03258
5.18277 1.04986 0.05716 0.03854
5.10678 0.77567 0.05157 0.03749
4.71051 0.79350 0.06301 0.02987
3.73533 0.81744 0.05960 0.03042
5.39729 0.89493 0.06071 0.02935
6.85437 0.62291 0.05818 0.02831
5.78857 0.69237 0.05504 0.03710
3.77493 0.52489 0.06400 0.05050
5.43176 0.52663 0.05819 0.01628
5.76469 0.54088 0.05518 0.02145
3.98497 0.50253 0.06617 0.02770
3.06023 0.49023 0.03820 0.02353
4.05495 0.55815 0.05920 0.03816
2.78526 0.50478 0.04931 0.03341
3.75613 0.52869 0.03094 0.03299
4.32049 0.44029 0.03143 0.02758
5.26638 0.57590 0.03376 0.02807
8.17589 1.69704 0.10070 0.03477
16.67404 4.26577 0.59754 0.06958
11.85537 4.97821 0.63881 0.04998
15.41714 3.98790 0.96427 0.05152
10.07730 4.23777 0.94420 0.07981
11.83599 4.52628 1.18184 0.04832
14.16008 5.40765 1.08866 0.08161
16.88981 4.80489 1.04329 0.05042
19.61927 4.60195 0.85416 0.05372
16.87621 3.96082 0.71511 0.06577
18.94222 2.37567 0.64072 0.03889
17.43549 1.19441 0.54846 0.02937
20.38984 1.59473 0.38004 0.04495
13.24440 1.82264 0.32869 0.04565
17.19987 1.48063 0.33688 0.04100
9.34359 1.70727 0.27556 0.04080
20.01287 1.50673 0.28267 0.04000
17.16748 1.42454 0.24134 0.04010
10.95044 1.83622 0.19859 0.03353
15.12159 1.30530 0.24443 0.04316
12.14996 1.49687 0.18390 0.03562
22.38073 1.96441 0.21688 0.03516
19.75561 1.84594 0.12905 0.04518
12.90766 1.47323 0.15149 0.03148
14.44929 1.49632 0.12693 0.04373
15.17354 1.70617 0.12215 0.04641
19.70630 1.36322 0.11227 0.03069
19.96247 1.45916 0.12514 0.03533
10.59490 1.52852 0.12626 0.04251
11.23137 1.26384 0.13920 0.03067
15.92893 1.16287 0.11005 0.04120
18.89976 1.32879 0.12502 0.04368
20.12551 1.06766 0.12400 0.03535
11.22909 1.48150 0.10821 0.02277
15.70720 1.87935 0.12020 0.02644
15.24287 1.82519 0.18358 0.02246
14.41621 1.52033 0.14271 0.04407
18.40673 1.25420 0.19908 0.03853
10.61330 1.00015 0.20449 0.03954
16.43210 0.90347 0.21759 0.03248
10.22311 0.93608 0.17529 0.03803
12.11961 1.51415 0.20952 0.02609
13.76909 1.56280 0.19034 0.04304
10.40951 1.27364 0.27464 0.04796
21.54939 2.95582 0.68580 0.16828
29.66520 5.51763 4.89050 0.42362
35.03896 4.64924 6.53982 0.42537
34.03119 4.13904 6.52771 0.65457
30.92386 5.10144 6.59400 0.67361
40.59236 4.65227 6.30492 0.67992
38.08237 5.08208 6.34813 0.72588
31.03961 3.95878 5.77990 0.59727
31.81535 3.42543 3.94078 0.39217
24.80568 4.17722 2.60338 0.40948
28.05398 3.54742 2.07350 0.31873
25.48101 3.01369 2.04506 0.32578
22.93002 2.74290 1.93974 0.29757
29.17702 2.45812 1.55295 0.33836
21.36128 2.17797 0.93163 0.27533
16.75333 1.45557 0.65853 0.27091
17.52029 1.40100 0.80066 0.17098
9.77938 1.98593 0.56501 0.21246
17.49559 1.70582 0.48954 0.19242
8.82058 1.77887 0.39480 0.16514
7.57215 1.75861 0.43764 0.13358
10.43035 1.60784 0.52481 0.17070
6.85488 2.07226 0.57640 0.15478
8.55646 1.54485 0.62155 0.15259
10.23275 1.35073 0.49180 0.14978
7.70177 1.15643 0.46187 0.17768
7.96698 0.99954 0.52074 0.19688
9.33211 1.03579 0.80942 0.28556
10.60813 1.36897 0.83219 0.24530
9.88572 1.20060 0.69628 0.21361
8.40190 1.30631 0.44766 0.16969
5.51725 1.30315 0.37261 0.13983
9.10272 1.00522 0.31958 0.12738
10.56681 0.60043 0.28413 0.11019
7.40030 0.74411 0.18840 0.09184
5.72095 0.57909 0.20641 0.08092
6.19631 0.97268 0.25925 0.08321
5.66692 0.69840 0.37503 0.06579
9.03009 0.54204 0.48113 0.09709
9.17820 0.77637 0.63039 0.07734
6.28878 0.66151 0.64566 0.05822
6.57340 0.45118 0.67252 0.07550
5.58957 0.57678 0.50934 0.05201
8.00680 0.61321 0.48651 0.03827
8.96030 3.81657 0.57886 0.07775
24.39375 9.19571 1.71348 0.66523
36.09684 11.07291 2.35362 0.81943
21.80943 8.69273 2.10163 0.80516
19.86776 10.46912 2.06888 0.79000
24.18713 9.85150 1.88132 0.72118
28.33969 9.35643 2.01133 0.67251
26.60638 9.72903 1.81752 0.56755
24.42131 8.60832 1.66261 0.61558
20.42814 8.89559 1.95531 0.58200
23.35468 9.06741 1.91961 0.56762
22.52447 6.54710 1.52942 0.60730
20.05084 3.20875 1.54751 0.61217
16.62495 3.07921 1.15392 0.46108
17.38417 2.38901 0.96796 0.26713
16.71471 2.44173 0.84326 0.24129
14.61584 2.69801 0.72322 0.20582
11.49966 2.17017 0.37017 0.23992
8.22134 1.75175 0.27698 0.19403
8.24990 1.71508 0.41817 0.19429
10.62006 1.77650 0.35568 0.15130
11.17338 1.31118 0.49124 0.09913
7.82135 1.34950 0.47559 0.10706
8.58295 1.50472 0.28894 0.10160
5.76692 1.92531 0.36634 0.09383
6.85634 1.72347 0.27308 0.12056
6.35408 1.27292 0.19699 0.10508
6.23385 1.24029 0.27300 0.09563
5.90568 1.18485 0.22895 0.10676
4.55763 1.51376 0.28177 0.05106
4.25777 1.70667 0.23592 0.07430
4.38184 1.72004 0.31648 0.04878
4.22039 1.95530 0.28458 0.05290
3.82960 1.51466 0.31650 0.05655
4.72055 1.38715 0.27877 0.04801
5.32366 1.51831 0.27107 0.04092
5.01874 1.16659 0.23215 0.05607
6.20780 1.49721 0.27464 0.04812
7.22153 1.75288 0.22818 0.04524
5.51426 1.78230 0.24260 0.04277
5.40698 1.60067 0.29771 0.04586
3.48841 1.46648 0.39989 0.05134
3.94390 1.38177 0.28472 0.03974
7.06712 1.17787 0.33812 0.05007
8.25313 1.52359 0.37250 0.05973
18.98773 5.05145 2.15689 0.31295
19.38026 5.70692 1.53084 0.35686
15.49671 5.77883 1.17755 0.82697
15.93486 3.18825 0.83246 0.81484
23.06949 4.29556 0.83462 0.88384
24.69620 3.57893 0.89328 0.54186
23.45906 4.15442 0.82443 0.48461
23.64188 4.80992 0.98963 0.54439
25.59095 5.95918 0.79096 0.55963
22.91745 3.83850 0.85779 0.43072
17.44956 2.20697 0.80933 0.36087
19.89121 2.16872 0.74498 0.32680
16.18460 2.81972 0.77495 0.26238
11.67499 2.80800 0.62418 0.21128
12.00614 2.53821 0.69672 0.17179
11.69520 2.12678 0.43434 0.21288
9.98110 1.91915 0.38394 0.20211
8.89158 1.27300 0.21704 0.18277
12.24748 1.09996 0.29456 0.14925
10.82502 1.08818 0.24170 0.08425
12.32507 1.84359 0.22952 0.09374
10.42126 1.78244 0.15473 0.11776
7.39911 2.02873 0.21023 0.08801
9.12566 2.21663 0.24481 0.09602
6.39259 2.22351 0.39653 0.08426
9.12256 2.20904 0.35242 0.09278
6.72460 1.94434 0.34985 0.11312
5.96878 2.04369 0.32610 0.12244
3.99917 1.75644 0.36151 0.13472
3.22331 1.57968 0.31301 0.11991
4.39470 1.34726 0.39106 0.12592
6.22832 1.02280 0.40014 0.11397
6.63093 0.90791 0.45307 0.13349
5.65414 1.10173 0.38331 0.12056
8.14114 1.02858 0.35219 0.07166
6.94992 1.12976 0.25919 0.09045
5.78282 1.08019 0.25921 0.06714
5.17500 0.87342 0.23039 0.06304
5.33257 1.26063 0.25770 0.03594
4.37763 1.18129 0.24524 0.03689
2.82136 0.91892 0.27132 0.04042
2.84560 0.66148 0.19543 0.04575
2.89655 0.67155 0.16861 0.02430
2.79423 1.04950 0.16003 0.05122
4.56291 0.86210 0.16760 0.02956
5.15520 0.80276 0.14712 0.04006
3.92808 0.91737 0.15237 0.03812
4.26801 1.08154 0.11503 0.04076
4.70686 1.11995 0.15902 0.04469
3.92733 1.29607 0.19780 0.05832
9.54104 6.40784 1.00659 0.10693
13.14932 10.48998 0.75273 0.09600
15.12073 9.31661 0.85286 0.09965
19.68265 8.40322 0.89130 0.08616
20.34482 8.26658 0.88949 0.06005
13.82912 8.96681 0.79935 0.08382
14.41198 8.43904 0.86430 0.06623
13.41024 9.19501 0.89933 0.08619
13.50549 7.97085 0.89045 0.06200
14.49142 7.79242 0.88483 0.07990
14.53824 8.08821 0.81984 0.06532
15.44737 6.44228 0.77166 0.06367
13.83761 5.61103 0.79680 0.05495
12.99190 5.38906 0.70613 0.06105
11.05901 6.14435 0.66860 0.05708
10.43471 5.33152 0.64113 0.04282
10.18071 5.31318 0.48155 0.04593
12.02776 4.97156 0.34597 0.05626
10.63649 4.18773 0.30421 0.03394
11.90108 4.20349 0.29371 0.05378
11.20045 4.28798 0.28461 0.05078
8.95799 3.57866 0.21675 0.04526
9.37130 3.64945 0.17764 0.03145
9.46781 2.87160 0.11224 0.05142
7.28119 2.62336 0.13855 0.04752
6.95627 2.90849 0.13292 0.03315
7.14521 2.51258 0.13332 0.04301
8.46070 2.90465 0.10105 0.03546
7.93801 2.24573 0.08969 0.04960
8.45662 2.88914 0.09393 0.04010
7.32505 3.41999 0.04716 0.04737
6.05361 2.79000 0.09817 0.04321
5.60820 2.52963 0.13057 0.03709
6.42287 2.63754 0.10153 0.04614
6.26554 2.70128 0.09947 0.05241
7.72431 3.07213 0.14840 0.04680
6.34940 2.63691 0.22472 0.03462
4.56065 2.11923 0.18108 0.03781
5.12667 2.41894 0.27923 0.04600
4.58627 2.03585 0.20673 0.05504
5.36054 1.92666 0.23512 0.04515
4.33974 2.28462 0.21285 0.04291
4.44591 2.18026 0.23359 0.04548
3.86374 2.19218 0.23471 0.05017
3.55912 1.89477 0.25409 0.04622
2.81727 1.70559 0.17660 0.03430
6.07143 2.06330 0.24649 0.04767
11.19629 1.94251 0.23980 0.04061
20.38634 2.95970 0.25529 0.06292
20.49844 3.10468 0.27487 0.04334
19.77387 3.10260 0.26895 0.06700
18.65582 3.93243 0.23060 0.04626
17.89070 4.39736 0.29500 0.05143
17.82047 3.16136 0.25673 0.05572
26.31974 3.37844 0.32521 0.05874
21.72085 3.06635 0.33251 0.03680
18.69895 3.34637 0.22139 0.04080
13.92000 4.32418 0.22010 0.03391
22.27952 4.29403 0.25277 0.04547
24.99128 3.76348 0.19947 0.05949
31.18761 4.09256 0.28275 0.03529
23.09448 4.12169 0.20985 0.06635
22.94387 2.90418 0.25052 0.05267
22.53980 3.39026 0.23120 0.03694
25.56562 2.95076 0.18281 0.05336
28.44368 3.12971 0.16299 0.04235
17.22700 3.50731 0.28558 0.03199
17.55895 3.65418 0.62621 0.06645
19.54280 4.99375 0.45127 0.05198
23.30293 3.81098 0.28358 0.06606
22.23914 3.39263 0.31883 0.09123
13.52288 2.57746 0.30087 0.06137
20.07988 2.85356 0.31572 0.06761
17.47775 2.24524 0.32928 0.07426
14.66510 2.27079 0.28069 0.08007
17.20769 2.16548 0.30252 0.08965
15.59607 2.78513 0.36902 0.05519
17.88619 4.59037 0.41282 0.07736
21.16690 4.38159 0.61816 0.06602
20.06341 3.57071 0.67311 0.05734
23.53634 4.19266 0.62311 0.05650
20.61869 3.61140 0.57107 0.03902
24.39979 3.63477 0.67257 0.07067
20.44731 4.26216 0.67360 0.04021
21.57898 3.95622 0.67074 0.03536
26.19288 5.38567 1.52090 0.12575
20.17684 5.77802 2.12722 0.21223
24.13888 5.12850 1.07401 0.25780
15.70966 4.57458 0.86603 0.55189
23.79448 5.31798 0.89368 0.46555
19.87783 5.28786 0.79301 0.39154
29.86165 5.14222 0.90870 0.31310
27.74008 6.03074 0.86806 0.35972
34.34868 5.84743 0.94440 0.40955
30.40508 6.60601 1.16266 0.51741
33.33571 6.46348 1.08637 0.38932
27.37753 4.93039 0.62235 0.34913
25.04473 4.90587 0.48472 0.26251
29.87141 3.12613 0.49609 0.22550
24.32098 3.97174 0.45714 0.13998
28.98170 3.25354 0.39071 0.14699
22.71377 3.64577 0.26263 0.14384
26.50531 3.46108 0.25999 0.14310
26.70266 2.99550 0.16956 0.10656
20.78351 2.70874 0.15621 0.10646
22.66175 2.90282 0.17283 0.06904
13.61668 2.50817 0.22055 0.06781
15.14201 2.48224 0.16696 0.07234
8.51619 3.00851 0.25441 0.07145
17.01718 2.49251 0.24199 0.07622
9.63532 2.37251 0.18492 0.06046
11.90636 2.56877 0.21363 0.05043
9.17284 2.40245 0.32236 0.06502
10.33571 2.34634 0.31825 0.04870
8.71130 2.51605 0.39393 0.04705
9.34540 2.13847 0.36381 0.04853
9.80781 1.75594 0.45776 0.03571
9.57581 2.01487 0.45225 0.06053
8.60846 1.67380 0.38967 0.04384
9.21449 1.86217 0.35283 0.05787
8.21075 1.51834 0.25641 0.04986
6.74351 1.69980 0.19413 0.04224
10.04324 1.81741 0.25648 0.05166
8.92390 2.05340 0.18184 0.03669
6.29295 2.29738 0.23212 0.04482
7.33677 1.82183 0.25596 0.03604
6.76131 1.47235 0.28861 0.03914
8.14692 1.65354 0.25201 0.06273
9.94087 1.56158 0.23997 0.03169
6.60037 1.15607 0.21578 0.03663
6.08270 1.21295 0.19875 0.03836
6.95451 1.15656 0.15897 0.03217
5.30516 0.71259 0.16914 0.03846
8.51906 0.86771 0.10267 0.03078
6.49000 1.56516 0.08079 0.04616
12.90012 3.27702 0.24971 0.06572
19.87022 3.68570 0.50737 0.07221
24.34468 4.50834 0.59364 0.07350
18.93405 5.90183 0.54275 0.05936
27.01751 4.87203 0.67854 0.03987
24.88182 5.09686 0.76734 0.09351
24.93533 4.97747 0.87737 0.06038
27.51471 2.86884 0.98136 0.08763
24.08397 4.22613 0.73291 0.08754
23.50643 3.74679 0.87942 0.07467
29.55994 3.58336 0.90187 0.09501
27.79820 4.34002 0.79957 0.08425
20.77783 3.53576 0.66957 0.08471
25.12090 2.69775 0.84680 0.08384
17.02082 2.57701 0.72850 0.07204
16.05544 3.30803 0.54574 0.06898
18.03987 3.46545 0.49657 0.05517
10.76058 3.21650 0.32657 0.04227
10.14660 2.97127 0.31622 0.05129
10.20809 2.39875 0.23826 0.03032
14.26064 1.72628 0.11199 0.05262
12.56647 1.72488 0.09321 0.03800
9.67195 1.21964 0.10866 0.03555
10.84932 3.48985 1.00893 0.32948
22.07168 5.88889 4.53257 0.58166
26.89613 5.33542 7.03939 0.75034
35.41112 5.29332 6.94783 0.83866
28.71059 4.87043 7.00143 0.99226
25.54603 4.55193 6.99156 0.90676
27.63972 4.71877 6.96373 0.88457
31.95232 4.04498 6.63616 0.89858
27.58892 4.16385 6.47146 0.85076
29.38860 3.49495 6.19459 0.95321
29.65384 3.87749 5.69862 0.87844
31.84548 3.67280 5.68579 0.82735
29.25266 3.57176 5.31047 0.80578
30.11724 3.76182 4.89639 0.78827
30.06491 3.47701 4.26769 0.78692
25.97283 2.99549 4.59175 0.72523
26.22959 3.33900 4.10089 0.67503
26.82325 3.25774 3.91988 0.58441
24.08163 3.31241 3.77024 0.58284
26.75290 3.62100 3.50803 0.47684
24.83389 2.84947 2.93787 0.43266
16.62713 3.64643 2.37067 0.33248
26.72290 8.86082 4.81411 0.69272
44.80243 9.69808 4.29392 1.56069
57.55040 10.66765 3.26926 1.83731
54.07743 8.89039 3.63858 1.80969
57.08841 10.80944 3.93707 1.50839
57.47451 9.51413 3.54041 1.39671
53.49596 9.42044 2.53880 1.25768
55.30247 8.45372 2.45025 1.13789
54.14228 9.22760 2.52534 1.07627
59.31410 9.63647 2.14589 1.04417
49.12519 9.57954 1.80829 1.11887
50.18086 8.27001 1.56679 1.20269
47.79142 8.65851 1.89445 1.06517
45.21612 8.39784 1.73054 1.07589
39.54245 7.14471 1.51455 1.10466
40.55430 8.04542 2.03812 1.14220
38.66094 5.84175 2.21294 1.05550
34.40588 6.67457 2.20662 1.05697
34.84623 6.03506 2.15209 0.96096
38.59508 6.73616 2.54342 0.84435
36.12471 5.36598 2.63545 0.69141
33.29342 6.79727 2.21378 0.54124
28.46721 5.86109 1.83576 0.49365
29.15135 5.61839 1.75213 0.48093
32.76659 4.74574 2.06042 0.27782
33.35066 5.21864 2.18140 0.17696
32.00303 4.41747 1.69076 0.20698
29.08460 4.98366 1.56467 0.28715
33.05735 4.81844 1.50131 0.24311
30.65931 3.88361 1.72794 0.33668
24.57878 3.43685 1.77395 0.46838
25.88717 3.36863 1.61974 0.51730
27.85714 3.05692 1.62241 0.38886
29.83023 2.16887 1.45414 0.41660
27.54054 2.17998 1.14423 0.45664
27.97026 1.96167 1.15236 0.48578
24.61973 1.92063 1.56953 0.50646
24.13661 1.61333 1.47467 0.45400
22.25365 1.80015 0.97706 0.52390
26.36341 2.15629 0.80242 0.46575
23.54383 2.29423 0.78608 0.44267
21.90316 1.57226 1.05831 0.40285
23.57675 2.01776 1.08754 0.38241
23.32538 2.23296 1.09323 0.37296
23.41282 1.96525 1.06835 0.35015
23.37051 2.51290 1.15680 0.42572
23.00835 1.61827 1.21275 0.40304
22.24066 2.16487 1.25476 0.43097
25.60849 2.45918 1.19464 0.39864
23.58584 3.66468 1.14035 0.35694
30.16052 4.04832 0.95195 0.37428
28.26624 3.08374 0.97169 0.45558
30.45204 3.33177 1.10087 0.47991
28.09719 3.76895 1.28989 0.43076
20.11374 3.02175 1.29404 0.39252
22.93217 3.06818 1.47862 0.37791
32.40570 3.29006 1.48154 0.48751
26.40865 3.35197 1.36674 0.44924
20.90236 3.01634 1.35994 0.38432
20.78327 3.19648 1.42627 0.33188
24.35056 2.90821 1.29141 0.36749
23.07756 2.91193 1.25248 0.34002
21.57187 3.27743 1.35016 0.31725
19.71925 2.14853 1.40026 0.39707
18.67268 2.33097 1.34722 0.41849
19.27440 1.93357 1.38152 0.41628
20.03688 3.08487 1.44811 0.33970
23.51883 3.87623 1.29428 0.33901
19.27198 3.30574 1.17102 0.43992
11.51730 3.51278 1.18720 0.36423
13.92596 3.75595 1.25234 0.44220
21.61531 3.61765 1.10276 0.37913
18.71212 3.84282 0.92300 0.32210
16.27438 3.88608 0.74179 0.33026
20.92840 4.31350 0.77122 0.34027
20.73925 4.63818 0.90244 0.28472
17.66799 4.90911 0.94509 0.25732
25.82274 4.99561 1.08033 0.23664
19.60015 7.97122 1.44000 0.23224
30.49307 6.36662 1.55870 0.21326
18.64459 7.16561 1.63994 0.22228
35.52854 4.58048 1.47826 0.18980
23.06133 4.28312 1.43171 0.16640
29.83517 4.53618 1.50550 0.15227
29.38567 8.10717 1.15689 0.20336
37.01242 5.62332 1.92482 0.22735
14.11940 6.71660 1.82018 0.32631
23.65556 5.02107 1.28089 0.25900
24.56619 6.39711 1.80201 0.30825
32.76227 5.36345 1.69988 0.30998
11.69593 7.05971 1.30931 0.25506
18.19356 5.27381 1.16597 0.23647
20.74217 6.82054 1.43599 0.18655
30.93305 5.62834 1.25014 0.18453
24.77928 5.01175 1.18298 0.22451
22.10590 4.74903 1.14510 0.19283
17.14316 6.48601 1.22588 0.22818
38.72691 9.13494 2.48300 0.25854
52.60450 10.11756 3.12105 0.40376
50.18395 10.50493 2.81493 0.39496
51.09549 7.68653 2.70697 0.62160
45.81041 8.51983 2.70858 0.45952
48.86452 6.75504 2.74624 0.46305
52.62494 8.13323 2.89716 0.38541
53.35069 7.40506 2.81079 0.36006
33.70722 6.35244 2.43633 0.25855
34.73896 3.94748 1.93472 0.25398
29.14032 4.07015 1.79762 0.23252
34.14593 4.41595 1.54431 0.24968
23.03542 4.07243 1.36111 0.21477
22.27349 3.85738 1.10169 0.18174
19.69502 4.03870 0.97267 0.11714
17.24860 2.74767 0.86941 0.11282
18.93726 2.83337 0.76813 0.11214
12.20216 1.76482 0.60131 0.07857
9.05509 1.83723 0.66971 0.09621
12.85442 1.83370 0.73379 0.07033
13.31961 1.50315 0.94922 0.09024
9.77691 1.30177 0.89624 0.07126
13.30822 1.58283 0.81319 0.06014
14.28850 1.76697 0.66765 0.04533
8.90094 1.53948 0.72936 0.04296
11.05202 2.29649 0.68842 0.05410
10.51262 1.91723 0.44573 0.04999
11.17274 2.86007 0.40915 0.03327
9.21130 1.72550 0.44006 0.05036
11.97479 2.85308 0.46783 0.03940
11.91611 2.05654 0.31265 0.04766
9.69886 1.85512 0.26249 0.03581
8.61497 1.64725 0.33643 0.04787
8.46522 1.69733 0.31468 0.03729
9.24053 1.47450 0.25840 0.04491
10.52053 1.53426 0.28392 0.05769
9.17049 1.37282 0.34365 0.03668
6.76936 1.33541 0.42477 0.03447
6.04423 1.52716 0.39188 0.03601
6.22870 1.37397 0.40640 0.05437
10.06520 1.74460 0.32132 0.04123
21.05984 3.81244 0.67666 0.10418
20.38784 3.76072 1.10130 0.14503
31.73427 5.10306 1.31027 0.16674
32.24078 5.18347 1.57968 0.14537
32.21558 4.09093 1.53842 0.13233
30.04827 4.99725 1.72700 0.22125
33.32912 3.73296 1.27573 0.23775
40.35140 4.26818 1.50750 0.30413
30.34741 4.56213 1.07748 0.37209
26.05009 5.91280 1.28488 0.37232
39.38616 6.22968 1.03102 0.45030
36.41061 6.97290 1.14487 0.37484
28.65931 5.78512 1.06511 0.42060
34.04213 6.35583 1.38329 0.38704
32.65347 5.30742 1.22031 0.35545
25.82859 5.21111 1.27990 0.23289
37.05246 5.47721 0.84863 0.20425
25.09540 3.98452 0.87257 0.23248
20.74235 2.93917 0.77071 0.21672
24.44284 2.63005 0.58810 0.14625
21.77030 2.28638 0.53057 0.16587
18.29041 2.25058 0.61749 0.14612
14.54714 1.98275 0.60000 0.14769
17.93791 1.79007 0.47663 0.10787
8.41072 2.12688 0.42498 0.07161
14.99344 2.23388 0.42492 0.14338
17.87328 6.09521 4.04176 1.19524
42.99878 7.36622 9.30059 0.98971
39.95656 6.85056 10.37556 1.33433
37.74122 6.59064 10.32191 1.48079
37.42862 7.25310 10.14507 1.42030
38.74008 6.89892 10.24215 1.69855
36.33271 6.12502 9.91609 1.37889
37.39649 6.00020 10.01884 1.22927
39.03321 5.38494 9.47160 1.50987
36.66876 5.40116 9.02877 1.48159
41.08738 5.01105 8.48266 1.37001
36.83111 4.27214 7.99664 1.13875
36.07687 3.94233 7.65561 1.19478
35.36575 4.36453 7.10239 1.18297
33.71815 2.89256 6.02975 1.11485
27.73356 3.45467 4.48318 0.95770
21.17539 3.84386 3.30198 0.73212
22.28016 3.00667 3.30486 0.47982
21.99845 3.60572 2.62678 0.47108
27.42584 6.45578 2.25888 0.40046
30.36851 19.75180 7.01461 1.32669
43.70336 21.66146 4.64110 1.59626
42.70480 17.75257 4.18012 1.49264
45.00496 19.83575 3.58397 0.86676
32.12817 18.15649 4.01605 0.75796
34.62030 19.28355 3.60512 0.53722
31.66562 17.45297 3.26850 0.76386
39.51801 20.59112 3.54980 0.59909
36.90019 18.02996 2.93116 0.71622
34.68405 18.65076 2.82886 0.74535
34.44979 17.68116 2.23607 0.67937
30.34806 14.71724 2.63106 0.39702
30.92783 13.36288 1.98327 0.58849
25.66848 11.42718 2.04352 0.49848
25.21060 13.42214 1.60428 0.58040
25.71035 11.16007 1.75846 0.60480
20.85291 11.02486 1.67365 0.64131
25.94611 11.22832 1.84177 0.69386
25.45539 8.99248 1.65739 0.96407
23.51564 8.63106 1.57829 0.79088
22.47941 8.20674 1.51236 0.62952
19.46122 6.63529 1.36150 0.65492
25.61578 7.09345 1.05684 0.53261
15.67226 5.95274 1.24318 0.35057
15.50185 4.60029 1.15716 0.45725
16.52234 6.37315 1.00348 0.41634
16.47131 6.14784 1.19741 0.57473
16.35411 6.46561 1.15876 0.42849
16.39864 5.31199 0.96919 0.61633
15.80557 6.36458 0.87801 0.67522
16.47248 6.28120 0.75345 0.56300
15.22369 7.00043 0.65111 0.42076
12.94737 5.93020 0.78420 0.35123
15.32206 6.26722 0.93511 0.33865
15.59335 6.61620 0.91744 0.27428
19.94755 7.45118 1.28995 0.29864
13.29767 6.50437 1.40857 0.36981
15.15424 5.57022 1.40755 0.29364
13.38680 6.07470 1.64382 0.33060
11.67051 5.84575 1.52320 0.30751
12.28368 6.54753 1.50937 0.29428
11.37626 6.49262 1.46308 0.34462
11.07647 6.65701 1.28543 0.31895
9.87963 6.02211 1.18997 0.39385
10.51374 5.78254 1.04533 0.44813
10.61590 5.33701 1.05501 0.35480
10.83686 5.00423 1.23532 0.41297
8.67434 4.95559 1.15849 0.38542
9.07924 4.00662 1.21741 0.48927
6.14066 4.74014 1.10329 0.32413
7.79901 4.44326 0.92454 0.33968
20.44309 6.05822 1.80170 0.45920
19.33944 10.24293 2.85715 0.58514
27.76689 8.07283 2.96125 0.66274
27.12800 9.15346 2.73120 0.72339
25.17929 9.06707 2.82201 0.53310
32.92234 8.47728 3.55281 0.82116
36.08155 9.08110 3.73683 0.72649
32.88026 10.32446 2.94453 0.58320
21.40626 11.07958 3.36828 0.57969
31.97684 8.05139 2.47723 0.63546
41.45959 7.80381 2.77648 0.56110
26.87458 8.88713 2.68309 0.40144
44.42110 6.95478 2.76050 0.73613
39.19179 7.76108 2.91139 0.83885
56.95876 12.32369 3.14721 0.86072
61.01445 10.07372 2.48430 0.75431
49.80146 7.29131 2.27058 0.71449
51.14844 6.06250 2.39960 0.48265
47.73599 6.81603 1.79890 0.55872
42.84982 7.48934 2.05512 0.43984
43.07684 8.59519 1.59677 0.42125
42.60757 7.98012 1.80216 0.45119
38.83770 7.74150 1.81086 0.39605
38.78247 5.71493 3.14619 0.48963
31.27637 5.68601 1.83458 0.52986
37.48319 8.33444 1.79566 0.58907
43.69783 6.03987 1.41746 0.47948
26.62043 5.89385 1.40506 0.57454
25.47080 3.98963 1.47697 0.49458
28.96421 5.98361 1.41178 0.55718
29.69001 4.87520 1.10697 0.52562
22.99990 7.06454 1.28085 0.52379
34.47357 8.79771 2.30576 0.36130
23.52461 10.62817 3.18286 0.55231
47.25025 9.80293 3.19040 0.51508
40.16709 10.05854 3.21472 0.70921
46.48958 8.29974 3.23896 0.59227
42.75585 9.51400 3.29284 0.55446
45.95258 9.45666 3.01663 0.49308
44.67173 10.08059 3.11579 0.52561
46.45498 9.25619 3.04791 0.39156
37.44946 9.17467 3.29963 0.34175
43.79253 15.33005 4.98290 0.61350
37.41650 11.23730 4.37210 1.33217
45.55447 11.55244 4.24378 1.60839
57.74010 19.58690 3.13593 2.25805
56.18037 17.57072 3.13240 2.45746
66.69588 15.49329 5.35289 1.78273
59.98277 18.17467 4.24573 1.32315
78.16171 13.12434 2.96774 1.48610
46.46766 12.40295 3.75243 1.65408
66.81923 16.52990 5.12901 1.88019
59.87725 17.92858 5.35184 1.69248
79.47157 16.20916 3.31299 1.69675
64.30529 21.46986 4.70445 1.38807
57.92316 11.93086 5.61814 1.60531
60.19195 18.60869 5.04782 1.36613
61.32232 16.75935 3.53471 1.82385
56.14206 17.06676 3.21539 1.57440
64.89138 14.73622 3.76493 1.64554
51.19867 15.29063 2.94803 1.13834
55.84850 8.41059 1.96391 1.15358
46.95050 7.67850 2.01218 0.83688
59.54628 8.08424 2.88177 0.91180
25.44585 6.41637 2.53890 0.71094
37.01794 7.71845 1.47507 0.77933
27.06969 7.42685 1.75911 0.46288
32.37476 5.62501 2.73770 0.53890
23.82451 5.69915 2.33315 0.42274
32.29380 5.39337 1.52135 0.49229
25.03822 4.63414 1.75665 0.43934
24.72002 5.04709 2.05024 0.30581
18.88748 5.55336 1.59611 0.29806
21.95916 3.96156 1.26646 0.28577
20.65121 4.55353 2.08761 0.30436
17.09597 5.76947 2.56076 0.27313
17.07318 4.70643 2.17333 0.25520
10.27221 5.57179 1.39120 0.24343
17.07131 5.39134 1.50690 0.24463
19.78732 4.72262 1.72641 0.27920
15.57186 5.50454 1.36317 0.18546
13.89511 4.35001 0.72041 0.21850
12.91833 4.13599 1.17719 0.24403
15.51955 3.13417 1.22983 0.19303
14.45391 3.91921 0.68694 0.15418
11.27108 2.77941 0.73451 0.17600
13.30576 3.94651 1.13500 0.12998
10.89800 2.86162 0.99061 0.14798
14.40254 2.91102 0.66059 0.10743
22.53545 5.70982 1.72631 0.28478
28.11664 7.83374 3.29250 0.41560
18.47438 10.05405 5.07951 0.93847
31.95644 14.26220 7.14313 1.18927
29.29157 12.01872 4.79645 1.04601
34.34190 9.81473 4.37656 1.07628
47.79401 10.41956 5.29748 1.20291
50.97389 9.07616 5.15311 1.74773
23.39722 8.76524 5.48401 1.31947
45.70987 15.20852 5.38366 1.23930
38.39581 14.60884 6.35161 0.95174
42.30378 16.24381 5.62725 1.51819
39.33320 13.47241 3.66924 0.85835
40.62812 12.73085 6.10377 0.99775
35.73907 8.54021 5.57520 0.82835
51.53050 6.17692 4.08552 1.16345
44.77211 8.84661 3.22236 0.66748
30.59938 8.31813 3.90053 0.83256
32.61580 4.80994 3.85500 0.55936
27.76678 10.29140 4.37325 1.28960
52.33259 10.27955 8.52218 1.17957
49.61364 8.31449 11.09881 1.61939
35.84721 5.56457 10.72169 1.51492
39.86148 8.88638 9.37713 1.45464
49.37352 7.96859 9.62254 1.29363
32.89045 6.15023 10.04108 1.29755
39.27797 8.21978 9.11085 1.20029
44.80143 6.60765 8.25287 1.39848
40.93972 7.61737 8.44532 1.34730
47.32782 6.70445 7.76150 1.27454
43.07290 4.89422 6.83941 1.17319
49.58078 7.32561 6.64373 1.20810
44.00706 13.24324 6.35005 1.23231
53.88068 12.28321 5.19983 1.32675
61.89082 10.69560 5.05650 1.62508
64.55786 11.87243 4.59563 1.42148
70.38574 9.73744 3.51856 1.36104
61.65253 11.58177 4.44142 1.12559
64.38587 10.32676 4.22705 0.89886
68.30128 13.10365 5.09195 0.76741
71.86507 12.47837 6.82291 1.03112
72.19050 13.58180 5.98790 1.00787
78.26361 13.78946 6.15712 1.18446
83.95464 15.04282 5.81528 1.05233
83.27740 15.32103 5.97740 1.05199
66.26008 12.74676 5.71402 1.19248
74.71307 17.47302 5.45155 1.00534
88.72244 12.93304 4.95726 1.09571
80.39858 17.04702 5.28897 0.86890
56.39561 13.71145 5.60713 0.80826
57.10663 15.21851 5.08377 0.95380
77.69868 22.88405 5.34313 1.37962
72.76894 43.28477 11.64504 2.46675
62.80381 51.47782 11.04203 2.59246
50.06911 56.27943 12.23207 2.37316
74.34549 60.53248 12.36071 2.62670
65.36424 46.58481 12.39771 2.68463
67.99071 41.59912 13.24972 2.73564
57.17029 39.04330 10.82663 2.40311
55.71241 48.85973 9.83051 2.13339
57.31076 43.14225 9.19041 1.75142
59.59464 45.02264 9.10498 1.72786
54.78043 38.99234 7.85177 1.49421
41.56024 40.95794 7.24549 1.76860
43.73245 34.86518 6.58240 1.60905
51.94224 36.80566 6.09890 1.71034
51.16293 36.40886 5.05564 1.30066
45.81066 39.37091 4.46253 0.84245
36.29745 39.90481 3.87909 0.72322
47.62296 39.56895 3.83566 0.74326
46.20869 36.36762 4.41837 0.76767
39.90081 34.85947 4.07798 0.82364
32.70035 37.99146 3.69200 0.59335
34.43500 30.66668 2.95937 0.60013
46.82747 29.65372 3.13707 0.72021
43.19856 24.24722 3.05722 0.75112
32.86215 21.66359 2.95529 1.01766
28.68186 16.31416 2.35713 1.00772
36.93310 17.34621 1.83304 1.06180
38.51841 14.55516 2.20935 1.08988
36.33540 17.97686 2.68635 1.02711
33.57871 14.84948 2.00173 0.78550
30.46518 13.15491 2.44533 0.54489
34.63894 13.22638 2.41625 0.49361
37.63366 11.76398 2.17248 0.65669
36.42126 12.28683 2.03806 0.65056
26.96532 13.20659 1.83846 0.75032
27.06880 14.22959 1.61109 0.74311
31.13703 13.80416 1.37950 0.93193
31.28430 11.43120 1.56641 0.96190
25.34002 11.65444 1.96186 0.74610
22.46576 13.14993 2.01422 0.62497
23.85344 11.43888 2.60442 0.70293
26.45760 10.74458 3.15234 0.71369
19.75743 9.67957 2.99071 0.70177
17.05097 7.33998 3.10573 0.48750
19.86277 8.78031 3.38186 0.55645
22.09162 8.55264 3.33791 0.60383
20.82416 7.44226 3.53287 0.76882
18.22249 6.63120 3.60493 0.65642
16.38836 5.67845 3.82140 0.54814
16.87571 6.17265 3.52886 0.42761
16.75977 4.53825 3.27554 0.42179
11.67907 5.10207 3.56325 0.55360
15.16118 3.81830 3.57579 0.53944
10.89491 4.49643 3.54019 0.42802
17.42957 5.81235 3.15853 0.33179
24.46678 8.58037 2.95904 0.60847
57.13208 8.96914 3.76733 0.82142
50.15598 9.97880 3.43506 0.82190
69.32893 13.47422 2.35152 0.75783
53.13860 10.34246 4.97875 1.38556
58.80408 10.25678 3.30444 1.16729
61.25314 11.07167 5.47893 1.40721
66.61050 9.60857 3.38307 1.46353
55.72438 11.15700 4.89176 1.28303
64.40488 12.22298 4.71998 1.63459
45.70474 9.10749 5.43793 1.50089
50.55086 8.36391 4.70000 1.31782
60.13651 9.79077 5.36007 1.45460
67.69617 7.59373 4.79915 0.79921
42.17605 8.39904 4.48132 1.07020
69.70561 8.91376 3.90371 0.88592
46.88593 7.87830 3.64057 1.19515
48.68023 8.16075 3.60562 1.33374
56.36849 11.08189 3.50393 1.42789
58.44876 5.81444 3.89098 1.60529
51.45494 6.19595 3.82804 1.41333
54.68905 7.91313 4.68098 1.43746
44.54266 7.39115 3.92988 1.05050
54.41035 7.45864 3.72505 0.82230
41.63931 8.07874 3.30825 0.59273
66.40385 6.00589 3.83604 0.46640
45.60302 8.72216 2.66797 0.51696
53.07232 8.60510 2.45395 0.81197
53.84711 5.25805 2.10511 0.95030
45.28444 5.48419 2.26937 1.00146
47.81683 7.37263 1.85796 1.11380
65.69221 5.46961 2.44122 1.07520
37.89701 7.96020 2.21130 1.12647
55.17588 7.52491 3.16278 1.14934
47.11227 7.23863 2.46126 0.94538
50.10102 9.84211 2.97431 0.82882
46.99364 9.04061 2.46252 0.69078
47.87815 6.80625 2.56446 0.27929
52.29723 8.73849 1.66728 0.46901
41.93149 10.28296 1.96670 0.54464
39.64872 7.36182 1.59508 0.66689
53.60911 10.11360 1.73787 0.79193
43.78559 8.13491 2.00460 0.68676
37.46419 6.25883 2.41315 0.82446
50.01870 9.25750 2.34699 0.73559
34.93977 7.83075 2.47498 0.58635
37.41183 4.59114 2.41084 0.49039
51.11993 6.29230 2.21360 0.40361
43.63932 6.09406 2.33709 0.34691
43.57903 3.85118 2.29622 0.53129
49.99475 7.31790 1.63855 0.64178
32.82940 6.98210 1.59315 0.74519
46.69528 6.12635 1.65439 0.87005
39.87514 9.20889 1.20147 0.96914
46.04414 6.53983 1.60537 0.74663
37.57795 6.67789 1.61169 0.64616
37.68528 7.59489 1.60845 0.56911
30.89661 7.42281 1.95944 0.37224
27.99082 5.72795 1.62293 0.30356
34.33025 13.17932 2.88679 0.55568
42.21368 15.75519 2.97818 0.69506
28.68888 13.13843 2.23580 0.76119
47.52882 14.62153 2.10630 0.72005
37.06404 13.44270 2.12150 0.55179
28.63187 15.26740 2.37707 0.55435
37.87154 15.96542 2.13232 0.52227
32.83163 12.89224 2.01690 0.42671
33.30728 14.36046 2.11043 0.34539
33.27367 14.96573 2.02233 0.42857
28.53017 12.13508 1.67510 0.34693
33.64791 11.91985 1.45516 0.26187
25.06968 10.15828 1.55435 0.26511
21.64754 8.19365 0.96889 0.30098
24.21467 9.91292 1.18241 0.32819
24.78119 10.05890 0.55464 0.33497
23.53333 7.85127 0.73389 0.32352
27.72624 8.15720 0.67910 0.30572
27.08502 5.76341 0.91346 0.41297
24.79442 7.70470 0.85118 0.31878
20.58323 6.66226 1.10721 0.32032
26.89052 6.73788 0.97212 0.28047
19.10575 6.45974 0.86829 0.28150
20.55207 4.19930 0.77135 0.17847
19.75796 4.25641 0.85346 0.17504
17.90575 5.10538 0.72162 0.21069
14.70415 3.01483 0.57113 0.18893
22.71943 5.18561 0.56869 0.18620
17.01503 3.62340 0.74694 0.16972
18.52304 4.73701 0.57175 0.22832
26.17602 10.82866 2.16231 0.55634
25.36303 7.58638 4.30330 0.74918
45.33842 7.94131 2.64344 1.12097
50.97269 10.35390 2.23317 1.23126
51.13812 10.06681 2.25968 1.03058
54.17513 11.63888 2.74073 0.87756
39.95805 10.73164 2.11596 0.83823
55.11484 9.08781 1.61946 0.76320
45.83273 10.55162 2.05491 0.67381
47.02131 8.62580 2.16461 0.62356
45.60854 8.82742 2.19888 0.72492
36.43753 8.86401 1.73160 0.70906
41.62554 7.83644 1.84228 0.64340
41.45599 8.17569 1.49394 0.66102
30.13695 8.66950 1.27418 0.75756
37.82396 8.25179 1.43510 0.73162
38.33241 7.46959 1.54950 0.61589
28.52677 6.65782 1.35148 0.51243
35.07667 6.78763 1.24329 0.59507
28.42555 6.12351 1.66812 0.64658
31.15782 6.78026 1.88959 0.38441
30.77830 5.66100 1.58232 0.41061
21.18935 6.12020 1.23414 0.39078
27.00127 5.44930 1.35297 0.27965
26.98188 6.74729 1.51415 0.21714
26.56477 5.32579 1.43847 0.13915
31.66761 4.80927 1.38757 0.09700
22.71059 5.83981 1.28163 0.14119
28.64667 5.14166 1.27630 0.17008
28.82956 4.82990 1.45068 0.18539
24.68577 5.93285 1.71526 0.29876
23.42791 4.49079 4.02625 0.40293
27.42588 7.13561 2.51969 0.95658
35.93773 6.02215 1.53368 1.05644
22.05722 4.95831 1.54008 1.27791
24.41097 7.32699 1.59967 1.08290
37.84101 6.19479 1.67784 0.84329
31.94534 9.27855 1.50142 0.89138
26.96830 8.16992 1.33051 0.93428
36.65018 11.67961 1.90129 1.04639
46.99914 11.28588 1.78988 0.95271
24.04012 10.89393 1.72548 0.86523
29.18996 10.85986 1.53599 0.77073
38.93499 9.58795 1.89134 0.71958
33.23476 9.32967 2.00863 0.81782
24.69877 9.35069 1.71544 0.80643
31.11856 7.28520 1.17950 0.89760
33.82859 8.65697 1.08325 0.74611
29.14225 8.12395 1.56539 0.68900
30.43300 7.82222 1.47952 0.62342
42.15496 8.41545 1.47510 0.67990
38.71469 5.84464 1.23240 0.68170
23.81731 7.02812 1.29689 0.45724
34.88790 5.68430 1.55296 0.40624
32.51453 11.06221 2.89399 0.47843
40.23491 10.80760 3.16922 0.44297
38.99222 9.50089 3.37835 0.68528
49.84325 12.10655 3.32568 0.60682
43.39723 11.48012 3.25966 0.60518
49.44330 11.30764 3.31690 0.50716
44.71898 13.03156 3.23281 0.46936
48.65239 11.78864 3.36048 0.36735
43.10002 10.76665 3.14860 0.33758
44.57825 11.69257 3.08348 0.36713
34.06892 9.48595 3.10759 0.34431
46.98304 11.05895 3.37011 0.29894
49.69411 9.58306 3.16683 0.27333
39.70975 10.57883 3.29540 0.24012
44.02370 11.01703 3.12168 0.26056
38.04989 11.53538 3.41671 0.20868
52.06340 11.76139 3.84913 0.44585
54.75533 10.36695 2.85539 0.50366
31.20234 8.78485 2.65772 0.56289
28.16618 10.31543 3.23895 0.57130
39.30862 11.56964 2.67353 0.47716
46.00761 8.21113 1.92423 0.36773
36.13899 10.32223 2.21665 0.34898
23.21082 7.21486 2.27396 0.31816
29.42490 9.16878 1.39831 0.39081
44.82605 8.47611 1.44886 0.37501
35.56818 10.59498 2.03096 0.37754
21.59178 9.41469 1.91822 0.33038
29.84310 7.88575 1.40621 0.31468
41.44782 8.64889 1.45294 0.31095
41.55054 6.36351 1.65488 0.39697
38.32098 11.55177 1.77874 0.29925
31.29812 6.29273 1.86291 0.43170
24.26661 6.80508 1.68361 0.35501
28.31433 6.10355 1.93661 0.33922
36.83728 6.58398 1.94158 0.32361
36.45148 6.03277 2.00940 0.32960
27.52718 7.03246 2.18025 0.24030
25.43088 5.94559 2.01151 0.23867
28.12065 5.92614 1.96275 0.18213
28.47103 5.93493 2.13764 0.17193
30.69876 6.69617 2.17403 0.16980
25.47612 6.32932 2.13632 0.14183
23.00792 6.02807 1.79602 0.15579
32.41431 6.73397 1.94848 0.16749
29.08187 5.69146 1.62741 0.15112
26.94739 4.69428 1.34677 0.16408
16.85413 4.93135 1.03252 0.11303
28.96843 5.06136 1.04445 0.09201
30.46537 3.56498 0.74886 0.12785
27.29487 6.06914 0.81023 0.12993
22.97035 4.81222 0.95960 0.10824
27.22325 5.83155 0.81192 0.16368
26.40215 5.15238 0.79855 0.08402
23.15858 4.95214 0.66405 0.11303
18.49520 5.95501 0.65608 0.08172
30.91360 4.82085 0.66705 0.11066
23.88568 5.74101 0.53469 0.09835
21.47866 4.96732 0.61950 0.11972
26.77133 6.55931 0.97845 0.10109
29.50932 8.93415 1.09064 0.12287
41.84639 7.24624 1.13705 0.11271
30.96802 6.75578 1.27847 0.14327
37.01625 7.05154 1.18278 0.08974
36.70544 5.63039 1.14782 0.12224
41.08977 5.30104 1.10787 0.12536
31.14786 4.49796 1.42451 0.10871
32.51989 4.59051 1.24759 0.09936
29.00799 4.20096 1.11295 0.10106
34.48437 3.78572 1.07778 0.07851
28.10281 4.43019 1.14452 0.07969
27.72597 4.00996 0.85799 0.05238
25.89245 4.86222 0.96658 0.06745
26.04733 4.33964 1.04299 0.03395
29.91921 4.99490 0.96384 0.05945
26.41285 5.15070 0.86477 0.05206
24.15998 4.61461 0.86787 0.07161
25.02267 4.99562 1.03512 0.03772
26.38671 5.20858 1.03969 0.06847
30.13809 5.58349 0.90247 0.05415
21.18254 4.67799 0.98024 0.05255
24.32536 5.38054 0.93991 0.05621
25.48036 4.34730 0.86792 0.06046
24.04965 4.97857 0.79983 0.04006
25.57382 4.51488 0.73475 0.05666
25.38651 4.65699 0.67912 0.06486
23.78058 4.26074 0.53623 0.05326
22.77798 3.85534 0.67973 0.05377
21.34455 3.77593 0.70444 0.06527
22.95315 3.20240 0.66675 0.05738
21.29085 3.37677 0.64533 0.06189
18.17242 2.91689 0.46517 0.05177
15.07205 3.24899 0.49516 0.04843
21.13385 2.75325 0.50608 0.04964
20.86679 3.67060 0.65652 0.04025
16.88831 2.72812 0.51016 0.03963
15.11176 3.52373 0.67202 0.05649
17.37222 2.93686 0.62386 0.02985
14.79606 2.79431 0.66577 0.04136
15.11869 2.68449 0.56264 0.03144
11.82708 2.77524 0.52153 0.03190
17.10157 2.83039 0.47785 0.05808
15.10536 2.72045 0.47144 0.04808
15.62516 2.72234 0.42733 0.04082
13.93288 2.31034 0.36075 0.05471
17.53766 2.57578 0.26342 0.04040
15.76464 2.02898 0.29402 0.03904
14.07392 2.22709 0.29309 0.03062
17.55766 2.12015 0.31965 0.05521
14.58309 1.88299 0.27081 0.03581
14.51104 1.94989 0.31793 0.04617
12.24839 1.51854 0.34740 0.03257
12.91507 1.87762 0.29709 0.04424
14.21676 1.41024 0.36505 0.02860
15.77729 1.65929 0.39011 0.05433
12.67409 1.18053 0.34164 0.04865
13.14983 2.09711 0.42341 0.04228
12.73990 0.97991 0.39054 0.04824
13.15757 1.25396 0.35663 0.04293
10.77077 1.02920 0.19585 0.03469
12.63130 1.57169 0.21228 0.03329
10.62883 0.92816 0.18515 0.04225
12.63160 1.10369 0.24780 0.04006
9.57036 1.13128 0.17731 0.03742
9.83537 1.04213 0.19051 0.03605
10.80592 1.21929 0.13174 0.03542
11.37542 1.09619 0.13626 0.04456
9.05393 1.14660 0.17916 0.02961
9.77346 1.29034 0.18791 0.05341
10.48097 1.30767 0.16432 0.03213
9.05404 1.33759 0.18147 0.04348
7.67709 1.39218 0.18847 0.04395
6.90784 1.36322 0.22556 0.03993
8.79863 1.46002 0.20178 0.04254
8.80871 1.53609 0.18861 0.03674
7.31582 1.59406 0.19927 0.03911
7.39165 1.52895 0.22710 0.03581
6.98264 1.41964 0.19830 0.02669
6.88889 1.31907 0.24752 0.02353
5.25555 1.46335 0.17590 0.02955
6.71221 1.36740 0.21315 0.03361
7.23830 1.09895 0.21302 0.03691
5.96833 1.37362 0.23201 0.02706
5.61951 1.23554 0.24336 0.03947
7.66268 1.52084 0.22616 0.03695
5.88954 1.23687 0.22511 0.04080
6.96874 1.27948 0.23731 0.03953
5.81218 1.32750 0.22048 0.03988
7.30796 1.22917 0.21164 0.03350
6.21469 1.16964 0.17321 0.03036
7.72711 1.05410 0.21117 0.03868
5.83414 1.13126 0.18624 0.03933
6.01073 1.04574 0.21300 0.04024
6.63054 1.02039 0.18174 0.03772
7.55561 0.87293 0.18066 0.02792
6.90373 1.07158 0.19766 0.02847
6.00458 0.82369 0.16655 0.02973
6.60958 0.98337 0.15685 0.03979
7.21078 0.93252 0.16210 0.03467
7.72952 0.88094 0.11880 0.03133
6.79248 0.93691 0.12736 0.03904
5.31763 0.77034 0.12746 0.02791
6.30825 0.80176 0.10746 0.03894
6.48836 0.75591 0.10686 0.04046
6.35444 0.87018 0.10390 0.03149
4.69677 0.75049 0.07554 0.04167
5.47976 1.06622 0.07841 0.03344
8.27155 1.21685 0.08033 0.02957
13.26122 0.94757 0.07537 0.03928
8.77254 1.43093 0.04968 0.03676
7.29209 0.94316 0.07108 0.02637
5.44474 1.52989 0.06504 0.04020
9.47003 0.84295 0.06962 0.02736
10.62046 1.63219 0.06050 0.03381
8.55452 0.91935 0.04331 0.04563
4.30395 1.42596 0.06656 0.02433
8.17357 1.17459 0.07489 0.02931
11.95315 1.31250 0.05357 0.03650
10.39503 1.27829 0.09598 0.02794
6.89940 0.99981 0.09553 0.02540
8.66948 1.22006 0.10874 0.04117
10.46878 0.83699 0.08349 0.03363
9.51821 1.07505 0.10340 0.03511
7.92893 0.88118 0.09184 0.02869
6.82167 1.06956 0.08292 0.02873
7.47393 0.71773 0.07980 0.04222
7.87248 1.05118 0.09004 0.03122
8.04602 0.63149 0.08508 0.02967
7.73104 1.15169 0.07812 0.02622
8.04651 0.75721 0.07444 0.02603
8.09061 1.04143 0.07606 0.03635
8.09815 0.71233 0.09072 0.03474
8.02198 0.77862 0.04078 0.04112
8.01688 0.75442 0.05786 0.02744
7.41482 0.73347 0.05445 0.03403
9.45056 0.84094 0.04527 0.03442
7.69080 0.71336 0.04619 0.03147
6.88818 0.83864 0.05421 0.03410
8.22131 0.74863 0.04610 0.02205
9.88253 0.76735 0.03913 0.02677
8.33014 0.65995 0.03815 0.02946
6.67629 0.78976 0.04039 0.02008
6.92503 0.62166 0.04193 0.03739
9.51626 0.81790 0.03480 0.02803
8.39115 0.59044 0.03860 0.02676
7.46555 0.67175 0.05481 0.03078
5.50875 0.65795 0.04756 0.04259
7.54450 0.66396 0.03792 0.03703
7.78948 0.63840 0.03744 0.02998
7.54597 0.61068 0.05402 0.03341
4.95845 0.60831 0.03827 0.02533
5.95970 0.47954 0.03275 0.03083
6.85259 0.61021 0.03873 0.03061
7.50402 0.53367 0.03432 0.03598
5.12349 0.44285 0.03254 0.03544
5.62608 0.56257 0.02242 0.03568
6.60530 0.40157 0.04867 0.03421
7.19658 0.48006 0.02841 0.02132
5.85712 0.39501 0.01976 0.02461
5.36589 0.37939 0.03359 0.02151
5.91483 0.33159 0.03103 0.02856
6.64178 0.38929 0.04545 0.02839
6.13437 0.33834 0.03273 0.04629
5.51301 0.26106 0.04006 0.04519
6.13910 0.33253 0.03554 0.02744
6.25299 0.27092 0.03355 0.03027
5.37280 0.34495 0.02370 0.04139
5.94662 0.35201 0.03567 0.02440
5.36605 0.32280 0.01965 0.04183
6.09792 0.37874 0.03375 0.02520
5.50106 0.33651 0.03186 0.02487
4.86241 0.31008 0.03354 0.02884
4.63948 0.28811 0.04682 0.03682
5.22868 0.36456 0.02843 0.03049
5.02305 0.33145 0.03753 0.04264
4.60858 0.32868 0.02180 0.04456
4.40157 0.23038 0.03147 0.03225
4.33392 0.22955 0.03695 0.03305
5.13946 0.20571 0.03538 0.03591
4.83719 0.29901 0.02419 0.03800
3.89384 0.33410 0.04619 0.03353
3.67640 0.25327 0.02555 0.04731
4.51316 0.22444 0.03710 0.03255
4.28777 0.25964 0.03198 0.03052
3.48360 0.27999 0.03935 0.03734
3.07068 0.22545 0.03787 0.02481
3.99667 0.32716 0.02976 0.03530
4.95281 0.28940 0.04927 0.03523
3.88773 0.27113 0.02820 0.02823
2.93915 0.27259 0.02665 0.04032
4.17643 0.26155 0.03253 0.02870
3.84425 0.24516 0.04849 0.03442
3.31234 0.30984 0.04724 0.03924
3.50573 0.30295 0.02769 0.04105
3.72384 0.33082 0.02777 0.02262
4.09549 0.27733 0.04151 0.03007
3.13017 0.27815 0.03647 0.02256
2.94758 0.24712 0.03035 0.01989
3.02074 0.23043 0.03137 0.02510
3.38203 0.25513 0.03849 0.02148
3.44765 0.27461 0.03687 0.02499
2.56255 0.24187 0.02075 0.04942
2.42173 0.24098 0.01781 0.03625
3.21423 0.23482 0.02887 0.02697
3.76042 0.24432 0.03711 0.03505
2.86878 0.29924 0.03890 0.04388
2.25929 0.24511 0.01936 0.03114
3.06261 0.25932 0.03060 0.02459
3.72452 0.27305 0.03998 0.04187
2.90590 0.25899 0.03105 0.03334
2.17826 0.25319 0.02705 0.01793
2.17732 0.23734 0.02958 0.03396
2.90568 0.21240 0.03788 0.02400
2.66971 0.23064 0.02583 0.02893
1.82415 0.26181 0.01971 0.03602
1.86350 0.19848 0.03614 0.03475
2.46759 0.23297 0.03612 0.03353
2.21911 0.23680 0.02487 0.02743
1.79847 0.20400 0.02595 0.03369
1.92236 0.16477 0.03074 0.03106
2.18769 0.13469 0.03513 0.02541
1.84908 0.07233 0.02566 0.03544
1.62658 0.09617 0.03779 0.03373
1.73276 0.05986 0.03243 0.03538
1.91496 0.09413 0.02679 0.03475
1.82640 0.07113 0.02912 0.02847
1.69128 0.11126 0.02255 0.02485
1.84412 0.06197 0.02729 0.03074
2.15603 0.10109 0.02433 0.03157
2.00422 0.07961 0.02552 0.02726
2.31188 0.09977 0.03260 0.02855
2.23902 0.08059 0.03666 0.03089
1.72018 0.07942 0.02110 0.03117
1.96615 0.07385 0.03044 0.03380
2.08368 0.06102 0.03367 0.03783
2.26567 0.07635 0.02628 0.02587
1.54567 0.06992 0.02892 0.03369
1.75627 0.07164 0.03453 0.03257
2.13020 0.06478 0.03428 0.02200
2.23141 0.06403 0.03175 0.02431
1.77599 0.05918 0.02167 0.02428
1.81444 0.05470 0.01974 0.02622
1.98795 0.05281 0.04547 0.02313
2.07958 0.06616 0.02454 0.02617
1.63539 0.05878 0.02142 0.03589
1.85214 0.05455 0.03798 0.03242
1.77006 0.06769 0.03048 0.02793
1.69620 0.05997 0.03740 0.03401
1.78062 0.04605 0.03616 0.03087
1.88779 0.07280 0.03598 0.02347
1.70287 0.04106 0.03064 0.02602
1.54531 0.04685 0.02822 0.02427
1.62604 0.04960 0.04339 0.02931
1.70666 0.04916 0.02553 0.02380
1.53730 0.05694 0.03982 0.03806
1.41614 0.05287 0.03145 0.04230
1.59735 0.05664 0.02754 0.03486
1.28871 0.06138 0.02913 0.03927
1.42705 0.08007 0.03274 0.03944
1.61170 0.05644 0.03239 0.04222
1.51703 0.07338 0.03213 0.02339
1.17472 0.05437 0.03862 0.02652
1.07183 0.08105 0.03628 0.03960
1.51008 0.06992 0.02614 0.02477
1.71902 0.07031 0.03444 0.03431
1.42775 0.08584 0.02629 0.02746
1.25499 0.08071 0.03369 0.03253
1.22932 0.07098 0.04116 0.02936
1.29759 0.05273 0.02794 0.02837
1.38261 0.03760 0.02441 0.03209
1.38774 0.05573 0.03359 0.02563
1.29387 0.05613 0.02820 0.02862
1.29983 0.05317 0.03039 0.02666
1.28922 0.05169 0.03095 0.02672
1.40457 0.05306 0.02240 0.02606
1.20538 0.04956 0.04690 0.04556
1.18194 0.04080 0.04982 0.03397
1.12306 0.04878 0.02238 0.03080
1.32782 0.07673 0.04469 0.03649
1.43388 0.03015 0.02764 0.03437
1.46579 0.05501 0.03206 0.03204
1.13568 0.04659 0.03272 0.03252
1.32857 0.04201 0.02581 0.03771
1.21653 0.03144 0.01976 0.03209
1.24005 0.03606 0.01919 0.03787
1.07648 0.03363 0.02553 0.02337
1.02774 0.03609 0.02920 0.03368
1.23373 0.03590 0.02810 0.03382
1.61697 0.04246 0.03592 0.04093
1.41535 0.03781 0.02381 0.02354
1.39693 0.03586 0.02586 0.02298
1.41116 0.04762 0.02863 0.03064
1.36975 0.02964 0.03353 0.02896
1.30679 0.04919 0.03116 0.03778
1.00630 0.05214 0.03607 0.03509
1.98329 0.03541 0.03372 0.03609
1.68427 0.03455 0.02571 0.03034
1.20835 0.05175 0.02469 0.02547
1.11368 0.04978 0.03035 0.04305
1.16532 0.04858 0.03050 0.03427
1.45789 0.04476 0.02782 0.03572
0.76177 0.02920 0.03024 0.02759
0.72683 0.03655 0.02693 0.04328
1.03734 0.03029 0.02837 0.02774
1.14862 0.03551 0.02810 0.02762
0.89879 0.03494 0.02300 0.03203
0.61507 0.03955 0.03037 0.04573
0.68035 0.04120 0.03410 0.02393
1.14358 0.03829 0.02856 0.03824
0.85101 0.02783 0.01922 0.03598
0.54872 0.04553 0.03142 0.04412
0.49941 0.05096 0.02681 0.03471
0.85166 0.03281 0.02208 0.03749
0.70686 0.04093 0.02661 0.02783
0.72842 0.03860 0.03633 0.02578
0.52092 0.04778 0.03157 0.02854
0.97398 0.03838 0.02221 0.03548
0.51629 0.02882 0.03537 0.02192
0.68529 0.03428 0.02670 0.03435
0.41117 0.03254 0.02841 0.03335
0.43620 0.03678 0.04588 0.03236
0.62667 0.03004 0.02599 0.01741
0.50167 0.02917 0.03319 0.02715
0.35061 0.02664 0.03052 0.03878
0.38324 0.03380 0.04026 0.02438
0.43943 0.03062 0.02635 0.03270
0.55357 0.04051 0.03043 0.04040
0.51284 0.02722 0.02533 0.04112
0.68480 0.02573 0.02763 0.01834
0.63103 0.03341 0.02949 0.03741
0.48810 0.04222 0.04307 0.03952
0.56208 0.03765 0.02925 0.04007
0.53280 0.04269 0.03275 0.03733
0.62440 0.03977 0.03557 0.04037
0.40765 0.03607 0.03329 0.02414
0.46951 0.04125 0.03130 0.03561
0.57700 0.02290 0.02608 0.04534
0.38776 0.03644 0.02072 0.03412
0.34638 0.03601 0.02400 0.03113
0.55431 0.04426 0.03345 0.03409
0.62038 0.03196 0.04277 0.03219
0.58079 0.03093 0.02893 0.03049
0.40956 0.03988 0.02156 0.03732
0.42064 0.03456 0.02540 0.03557
0.57396 0.03507 0.03331 0.03152
0.51867 0.02266 0.03682 0.03018
0.31881 0.03628 0.02978 0.03420
0.47964 0.03572 0.02754 0.02574
0.48737 0.02720 0.03595 0.02570
0.45452 0.03207 0.02960 0.03842
0.43565 0.03669 0.02928 0.02838
0.37687 0.03253 0.02629 0.02343
0.61984 0.03265 0.02228 0.03253
0.41025 0.02723 0.03443 0.02542
0.44590 0.02669 0.03195 0.03368
0.44337 0.04263 0.03155 0.03409
0.46056 0.03362 0.03951 0.02978
0.23750 0.03340 0.03057 0.03387
0.53442 0.04586 0.03079 0.02798
0.27131 0.03385 0.03434 0.02775
0.31556 0.03359 0.02520 0.03226
0.47391 0.03336 0.02588 0.03480
0.39706 0.04257 0.02421 0.03350
0.27040 0.04309 0.03485 0.02209
0.46364 0.03511 0.03682 0.03231
0.50464 0.04226 0.03088 0.02681
0.35818 0.03550 0.02733 0.02972
0.16586 0.02948 0.02956 0.02611
0.15411 0.03806 0.02996 0.03213
0.17489 0.03161 0.03003 0.03965
0.30292 0.02462 0.03595 0.03358
0.34527 0.03434 0.03298 0.03485
0.16273 0.02377 0.04125 0.03762
0.28495 0.02261 0.02476 0.02300
